000000000009
000000001006
000000001200
000000002982
000000004546
000000004885
000000005757
000000011877
000000013876
000000016193
000000018535
000000018564
000000019836
000000021327
000000022213
000000022478
000000023275
000000023548
000000025997
000000027267
000000030307
000000032708
000000034975
000000035128
000000036447
000000037852
000000038432
000000042349
000000042427
000000043024
000000043371
000000045493
000000047066
000000048320
000000053369
000000053458
000000053539
000000056134
000000059328
000000060602
000000062875
000000066516
000000066519
000000067779
000000069018
000000072397
000000072437
000000072551
000000074984
000000076856
000000077072
000000077193
000000077699
000000078112
000000078361
000000080096
000000081476
000000081620
000000081680
000000083002
000000083641
000000085956
000000086071
000000089254
000000091025
000000091326
000000091715
000000092081
000000092868
000000093175
000000093332
000000094538
000000096043
000000100098
000000100306
000000101014
000000101190
000000102246
000000102306
000000102546
000000102662
000000102724
000000104234
000000104505
000000105303
000000106194
000000108375
000000108688
000000110435
000000113385
000000114844
000000115421
000000117578
000000119423
000000124297
000000126798
000000127866
000000128460
000000128831
000000129690
000000131366
000000132529
000000132984
000000135996
000000137016
000000137516
000000137999
000000138838
000000140006
000000142261
000000142532
000000142570
000000143764
000000143841
000000143958
000000147865
000000149961
000000151486
000000152914
000000153780
000000160443
000000160529
000000165142
000000165463
000000165636
000000167758
000000168083
000000168574
000000170962
000000171049
000000175111
000000175500
000000177619
000000180889
000000184435
000000186108
000000186109
000000187025
000000187576
000000190229
000000190291
000000193435
000000194009
000000200643
000000203463
000000203680
000000203748
000000204188
000000204899
000000205887
000000206048
000000206700
000000210057
000000210344
000000210881
000000212247
000000212575
000000214379
000000215881
000000216576
000000222430
000000225463
000000226658
000000235741
000000237831
000000239010
000000242664
000000244222
000000251508
000000251856
000000253171
000000253789
000000255857
000000257204
000000263823
000000264316
000000267731
000000269364
000000270571
000000271068
000000271206
000000274356
000000275707
000000276703
000000277797
000000278771
000000279787
000000280551
000000288506
000000289523
000000291285
000000294302
000000295241
000000296489
000000297979
000000298252
000000299734
000000300200
000000302278
000000303706
000000303718
000000304134
000000307614
000000308265
000000308292
000000308535
000000311877
000000312902
000000314044
000000314757
000000315448
000000315813
000000315831
000000317873
000000320329
000000321867
000000322249
000000323374
000000326690
000000328582
000000329715
000000329988
000000331097
000000331982
000000332113
000000333775
000000334936
000000335395
000000335982
000000337509
000000337660
000000339715
000000339903
000000341226
000000342693
000000344624
000000346270
000000347171
000000348730
000000349472
000000350073
000000352185
000000353237
000000353808
000000355869
000000362465
000000362500
000000362737
000000363319
000000363389
000000364009
000000366740
000000369733
000000373153
000000376398
000000378311
000000381253
000000386408
000000387296
000000387518
000000387731
000000388126
000000389036
000000390328
000000393950
000000395324
000000395424
000000396287
000000397675
000000398753
000000399122
000000399275
000000400200
000000400398
000000400709
000000400993
000000401499
000000401948
000000408266
000000408576
000000410246
000000410331
000000410343
000000412592
000000417885
000000418816
000000419453
000000420914
000000422528
000000425943
000000429769
000000431092
000000431200
000000434078
000000434976
000000435309
000000435832
000000436264
000000438497
000000439550
000000439654
000000440034
000000440970
000000445368
000000445464
000000448786
000000448897
000000451420
000000451574
000000452342
000000452846
000000453563
000000454478
000000454712
000000456236
000000457519
000000457726
000000460567
000000460723
000000462186
000000462398
000000465579
000000465759
000000466196
000000467022
000000467339
000000475359
000000475580
000000479573
000000480883
000000481130
000000481251
000000484324
000000486008
000000486586
000000489085
000000490523
000000491228
000000492489
000000495134
000000495580
000000495840
000000496509
000000497855
000000498537
000000499577
000000500664
000000500844
000000503197
000000503687
000000503963
000000504991
000000506316
000000508741
000000511848
000000516088
000000516106
000000517029
000000518215
000000519088
000000519899
000000522380
000000526922
000000527112
000000527834
000000529322
000000530823
000000531374
000000531910
000000532624
000000532747
000000534220
000000538574
000000539299
000000539791
000000540175
000000542388
000000543057
000000543860
000000547794
000000550444
000000550467
000000551961
000000553284
000000553969
000000556771
000000557830
000000559086
000000561488
000000564188
000000564957
000000568432
000000570457
000000571504
000000572749
000000572937
000000574808
000000579731
000000579968
000000581887
