000000004021
000000005535
000000006075
000000006811
000000008095
000000008114
000000014083
000000015155
000000016556
000000018316
000000025167
000000030518
000000030535
000000030775
000000033979
000000034115
000000036451
000000036758
000000036776
000000041146
000000044266
000000044858
000000046962
000000048679
000000055331
000000056486
000000057560
000000057689
000000060172
000000060970
000000060988
000000065961
000000066930
000000067974
000000068084
000000069654
000000070365
000000073904
000000075426
000000076648
000000080105
000000080654
000000080686
000000080857
000000081571
000000082779
000000085847
000000090827
000000091079
000000091177
000000092339
000000093267
000000093992
000000094271
000000094666
000000095867
000000096260
000000097865
000000098127
000000098385
000000100687
000000103348
000000105666
000000106646
000000107979
000000109012
000000111435
000000114830
000000114972
000000116892
000000119101
000000120127
000000120683
000000121827
000000124429
000000126021
000000128480
000000129914
000000132621
000000132913
000000137395
000000137591
000000138315
000000143510
000000145854
000000146103
000000146722
000000146901
000000148306
000000148703
000000150292
000000150691
000000151741
000000153717
000000155198
000000156133
000000156527
000000156543
000000159444
000000164935
000000166464
000000167993
000000168703
000000170077
000000170731
000000171585
000000173482
000000173490
000000173883
000000175121
000000176363
000000176871
000000177818
000000179558
000000180167
000000180490
000000180541
000000183646
000000183953
000000184224
000000185265
000000186524
000000187878
000000189646
000000191122
000000194297
000000194456
000000196085
000000201409
000000207234
000000207738
000000208172
000000210012
000000210731
000000212438
000000214930
000000214975
000000218305
000000221587
000000225731
000000226256
000000228618
000000231071
000000231161
000000232762
000000235581
000000240043
000000242345
000000246909
000000246938
000000248324
000000248467
000000248565
000000250278
000000251219
000000252003
000000252179
000000252292
000000255135
000000257628
000000257908
000000258789
000000259567
000000261271
000000262283
000000262442
000000262965
000000263973
000000264532
000000264720
000000265198
000000266689
000000267408
000000267978
000000270254
000000271157
000000271183
000000273279
000000278101
000000279395
000000280023
000000280536
000000284088
000000291702
000000294620
000000297877
000000298335
000000300407
000000300413
000000300534
000000308894
000000308952
000000310735
000000311922
000000312242
000000320808
000000323132
000000325486
000000326716
000000326811
000000330387
000000330954
000000331759
000000332782
000000333976
000000335774
000000335874
000000336353
000000337667
000000340647
000000341811
000000342160
000000342707
000000343066
000000345979
000000346121
000000346399
000000347253
000000349153
000000349530
000000351149
000000353494
000000355000
000000358086
000000359904
000000360152
000000360701
000000361356
000000361643
000000362092
000000362618
000000364341
000000365164
000000366326
000000370310
000000370406
000000372555
000000372604
000000374266
000000375282
000000375405
000000377694
000000378396
000000380106
000000380128
000000381323
000000381984
000000384523
000000384998
000000386066
000000387513
000000388409
000000390190
000000390933
000000390999
000000393129
000000393852
000000394175
000000394190
000000394481
000000394747
000000395030
000000395289
000000398803
000000402891
000000403358
000000403916
000000404064
000000404233
000000404983
000000405401
000000405613
000000405762
000000407711
000000408101
000000410590
000000411247
000000411943
000000412325
000000413290
000000418042
000000421643
000000422280
000000422792
000000422995
000000423234
000000425266
000000425439
000000426835
000000427615
000000431199
000000431606
000000433045
000000433618
000000433963
000000434923
000000435454
000000435745
000000436600
000000440314
000000441891
000000442809
000000443513
000000445435
000000447037
000000450343
000000452011
000000452746
000000457233
000000458785
000000460033
000000463151
000000463625
000000464188
000000465375
000000473706
000000475535
000000477459
000000480487
000000485139
000000485529
000000487635
000000489107
000000489267
000000493812
000000494297
000000497972
000000499230
000000500147
000000500196
000000501204
000000501420
000000504034
000000504896
000000505520
000000506586
000000507427
000000507550
000000508440
000000509772
000000512276
000000512438
000000514245
000000516289
000000519182
000000519319
000000524282
000000524331
000000524661
000000525640
000000526105
000000527267
000000529273
000000530248
000000530958
000000533003
000000534627
000000537035
000000537692
000000541687
000000541764
000000542150
000000544778
000000545249
000000545944
000000546307
000000546568
000000546584
000000547202
000000548863
000000549830
000000552065
000000552956
000000553984
000000554273
000000555625
000000556178
000000557644
000000559261
000000560143
000000560818
000000560908
000000562741
000000562850
000000564951
000000565479
000000568884
000000569062
000000570581
000000572533
000000572587
000000572756
000000572801
000000574248
000000574499
000000576966
000000577035
000000577358
000000578210
000000578595
